a <- 2 + 1
b <- 4 - 2

a + b
